epoch loss   accuracy val_loss val_accuracy
1     0.4963 0.7835   0.5736   0.7658
2     0.3046 0.9389   0.4909   0.8671
3     0.2701 0.9594   0.5515   0.8571
4     0.2614 0.9641   0.4678   0.8746
5     0.2536 0.9693   0.3826   0.9023
6     0.2518 0.9699   0.4629   0.8686
7     0.2463 0.9740   0.3986   0.8914
8     0.2424 0.9765   0.4305   0.8851
9     0.2411 0.9774   0.3221   0.9235
10    0.2389 0.9788   0.4268   0.8803
11    0.2380 0.9788   0.4280   0.8772
12    0.2368 0.9795   0.3335   0.9228
13    0.2358 0.9801   0.3281   0.9224
14    0.2333 0.9816   0.3310   0.9205
15    0.2319 0.9823   0.2865   0.9471
16    0.2307 0.9829   0.2580   0.9648
17    0.2302 0.9830   0.3310   0.9249
18    0.2282 0.9843   0.3122   0.9370
19    0.2275 0.9845   0.2683   0.9557
20    0.2322 0.9805   0.2699   0.9521
21    0.2269 0.9842   0.2953   0.9452
22    0.2257 0.9850   0.2637   0.9595
23    0.2240 0.9859   0.2647   0.9616
24    0.2233 0.9861   0.2802   0.9530
25    0.2226 0.9864   0.2557   0.9667
26    0.2220 0.9866   0.2455   0.9715
27    0.2219 0.9864   0.2500   0.9681
28    0.2216 0.9862   0.2834   0.9559
29    0.2207 0.9867   0.2631   0.9637
30    0.2196 0.9873   0.2748   0.9571
31    0.2193 0.9872   0.2738   0.9604
32    0.2191 0.9871   0.2388   0.9754
33    0.2184 0.9873   0.2585   0.9647
34    0.2175 0.9878   0.2450   0.9718
35    0.2164 0.9883   0.2565   0.9683
36    0.2166 0.9879   0.2501   0.9708
37    0.2155 0.9884   0.2617   0.9657
38    0.2148 0.9886   0.2567   0.9700
39    0.2142 0.9889   0.2753   0.9649
40    0.2139 0.9888   0.2704   0.9627
41    0.2133 0.9890   0.2577   0.9691
42    0.2124 0.9894   0.2793   0.9603
43    0.2126 0.9890   0.2352   0.9775
44    0.2120 0.9892   0.2554   0.9695
45    0.2112 0.9896   0.2777   0.9633
46    0.2104 0.9898   0.2639   0.9691
47    0.2098 0.9900   0.2507   0.9742
48    0.2095 0.9900   0.2686   0.9671
49    0.2093 0.9899   0.2444   0.9741
50    0.2093 0.9896   0.2618   0.9709
51    0.2082 0.9902   0.2872   0.9625
52    0.2078 0.9903   0.2855   0.9657
53    0.2079 0.9900   0.2750   0.9655
54    0.2074 0.9900   0.2670   0.9672
55    0.2065 0.9904   0.2898   0.9627
56    0.2065 0.9902   0.2557   0.9715
57    0.2059 0.9904   0.2431   0.9756
58    0.2056 0.9905   0.2259   0.9816
59    0.2048 0.9908   0.2652   0.9719
60    0.2038 0.9912   0.2585   0.9736
61    0.2036 0.9911   0.2361   0.9786
62    0.2034 0.9911   0.2410   0.9782
63    0.2031 0.9910   0.2444   0.9762
64    0.2021 0.9915   0.2528   0.9749
65    0.2015 0.9917   0.2700   0.9708
66    0.2013 0.9917   0.2564   0.9740
67    0.2010 0.9916   0.2276   0.9818
68    0.2006 0.9916   0.2673   0.9710
69    0.2007 0.9913   0.2210   0.9845
70    0.1999 0.9916   0.2258   0.9824
71    0.1995 0.9916   0.2512   0.9750
72    0.1989 0.9919   0.2450   0.9774
73    0.1983 0.9921   0.2399   0.9786
74    0.1978 0.9922   0.2327   0.9807
75    0.1970 0.9926   0.2351   0.9809
76    0.1968 0.9926   0.2294   0.9811
77    0.1965 0.9925   0.2381   0.9802
78    0.1958 0.9928   0.2220   0.9842
79    0.1963 0.9921   0.2311   0.9812
80    0.1956 0.9924   0.2237   0.9834
81    0.1949 0.9927   0.2268   0.9827
82    0.1945 0.9927   0.2574   0.9753
83    0.1940 0.9929   0.2243   0.9837
84    0.1934 0.9932   0.2409   0.9800
85    0.1935 0.9928   0.2305   0.9813
86    0.1929 0.9930   0.2468   0.9773
87    0.1925 0.9930   0.2324   0.9814
88    0.1919 0.9932   0.2314   0.9817
89    0.1915 0.9933   0.2351   0.9808
90    0.1915 0.9931   0.2287   0.9804
91    0.1909 0.9933   0.2196   0.9843
92    0.1906 0.9933   0.2210   0.9836
93    0.1897 0.9937   0.2288   0.9829
94    0.1893 0.9938   0.2232   0.9831
95    0.1888 0.9939   0.2224   0.9842
96    0.1885 0.9939   0.2207   0.9845
97    0.1886 0.9936   0.2026   0.9894
98    0.1901 0.9922   0.2160   0.9841
99    0.1881 0.9935   0.2288   0.9807
100   0.1872 0.9939   0.2223   0.9837
